119341 110044 
119338 110045 
119386 110051 
119421 110075 
119448 110103 
119464 110116 
119450 110099 
119450 110091 
119457 110098 
119448 110051 
119437 110061 
119417 110073 
119374 110062 
119258 110025 
119120 109962 
119005 109929 
118991 109903 
119028 109907 
119041 109901 
119066 109908 
119111 109927 
119148 109934 
119151 109965 
119188 109982 
119201 109999 
119205 109998 
119158 109955 
119162 109978 
119199 110005 
119213 109999 
119225 109996 
119233 109995 
119261 110022 
119271 110002 
119307 110025 
119302 110019 
119295 110020 
119333 110014 
119362 110041 
119363 110050 
119368 110032 
119344 110021 
119338 109990 
119338 109994 
119353 110012 
119384 110023 
119366 109999 
119366 110007 
119361 109987 
119400 110014 
119404 109994 
119416 110014 
119414 110008 
119333 109982 
119200 109941 
119091 109912 
119043 109876 
119035 109889 
119072 109916 
119090 109920 
119086 109928 
119079 109910 
119113 109938 
119163 109934 
119165 109962 
119168 109941 
119128 109927 
119113 109890 
119075 109889 
119096 109873 
119100 109880 
119142 109898 
119193 109914 
119257 109976 
119277 109955 
119286 109960 
119276 109950 
119246 109917 
119243 109882 
119276 109893 
119305 109885 
119318 109916 
119366 109912 
119384 109935 
119373 109936 
119386 109910 
119358 109907 
119366 109894 
119359 109883 
119371 109877 
119351 109886 
119337 109854 
119340 109851 
119364 109828 
119370 109830 
119323 109789 
119185 109730 
119042 109666 
118969 109648 
118979 109674 
119056 109725 
119135 109777 
119153 109798 
119128 109756 
119092 109720 
119058 109692 
119111 109670 
119128 109711 
119201 109736 
119246 109738 
119273 109785 
119319 109794 
119352 109796 
119345 109816 
119329 109782 
119338 109756 
119377 109773 
119454 109779 
119499 109836 
119568 109849 
119593 109889 
119675 109919 
119695 109946 
119713 109960 
119728 109965 
119745 109958 
119780 109990 
119843 110005 
119828 110007 
119799 109994 
119764 109957 
119776 109949 
119821 109975 
119890 110042 
119863 110034 
119811 109983 
119767 109937 
119760 109913 
119804 109941 
119796 109962 
119665 109891 
119462 109804 
119381 109756 
119417 109803 
119469 109816 
119456 109853 
119385 109797 
119353 109741 
119383 109744 
119398 109776 
119453 109809 
119449 109809 
119414 109734 
119362 109707 
119399 109708 
119448 109766 
119469 109776 
119430 109738 
119389 109722 
119442 109742 
119492 109787 
119504 109809 
119438 109733 
119417 109729 
119463 109727 
119493 109760 
119509 109769 
119466 109738 
119443 109707 
119468 109722 
119513 109764 
119539 109790 
119510 109741 
119457 109693 
119472 109696 
119517 109744 
119524 109738 
119474 109689 
119424 109647 
119474 109678 
119552 109733 
119547 109761 
119466 109681 
119327 109566 
119210 109546 
119202 109579 
119188 109596 
119130 109543 
119136 109528 
119210 109590 
119240 109602 
119213 109572 
119186 109533 
119209 109560 
119281 109600 
119266 109610 
119236 109548 
119208 109541 
119264 109603 
119306 109599 
119304 109581 
119217 109491 
119241 109509 
119327 109559 
119345 109569 
119284 109526 
119292 109531 
119361 109586 
119381 109603 
119384 109587 
119309 109556 
119346 109540 
119409 109598 
119408 109599 
119358 109555 
119317 109491 
119358 109509 
119386 109547 
119391 109568 
119350 109514 
119345 109503 
119412 109586 
119446 109583 
119388 109522 
119349 109500 
119402 109514 
119371 109519 
119271 109487 
119139 109387 
119098 109381 
119159 109447 
119162 109445 
119115 109402 
119091 109362 
119166 109400 
119220 109459 
119178 109436 
119190 109402 
119275 109501 
119330 109537 
119307 109514 
119271 109471 
119330 109504 
119344 109527 
119299 109474 
119175 109372 
119188 109373 
119262 109433 
119270 109432 
119176 109376 
119210 109383 
119298 109443 
119340 109457 
119297 109438 
119302 109415 
119378 109455 
119443 109511 
119403 109491 
119346 109438 
119399 109464 
119474 109519 
119464 109524 
119446 109490 
119437 109483 
119522 109535 
119538 109561 
119504 109523 
119552 109521 
119636 109597 
119735 109668 
119782 109700 
119818 109719 
119839 109725 
119756 109664 
119446 109500 
119163 109358 
118894 109222 
118731 109150 
118578 109070 
118524 109050 
118497 109057 
118503 109071 
118434 109046 
118340 108953 
118333 108935 
118327 108928 
118324 108952 
118373 108942 
118430 109034 
118493 109077 
118560 109143 
118744 109201 
118874 109292 
118954 109327 
119077 109370 
119161 109433 